g
280090.22
643537
24 55 5468.59
24 36 1659.92
24 37 9245.22
24 47 9202.40
55 36 4149.04
55 47 6996.53
36 37 5724.97
36 47 2844.56
37 47 3803.74
o
116569.29
576018
0 37 2591.31
0 11 7694.65
0 46 9949.93
0 16 8636.38
0 81 8316.74
0 25 5943.37
0 30 820.78
37 11 7312.07
37 46 8564.76
37 81 4309.21
37 55 274.11
37 25 1772.16
37 30 9148.48
11 78 7209.67
11 16 1.26
11 81 7675.94
11 55 1185.93
11 25 8305.81
11 30 1268.43
78 81 2281.63
78 25 5029.81
78 30 8536.59
78 55 1598.41
16 46 3051.77
16 81 1852.08
16 55 9429.98
16 25 6465.97
16 30 8869.54
81 25 4502.51
81 30 4032.39
46 25 6595.09
55 25 2456.20
25 30 8942.90
O
60349.34
47667
64 0 7077.01
64 68 7096.84
64 12 5876.61
64 46 3097.42
0 81 7781.78
0 26 1565.46
0 68 8618.72
68 12 3205.64
68 46 5298.97
68 21 5672.80
68 26 7082.21
12 21 8106.82
12 46 4019.40
46 81 6825.76
46 26 4281.39
46 91 3183.98
21 26 5283.53
26 91 6896.77
X
102493.35
842754
66 39 7211.21
66 9 8644.35
66 46 2453.50
66 17 3751.80
66 83 4266.49
66 60 2557.97
39 9 5126.70
39 46 8752.33
39 17 691.15
39 83 6088.87
39 60 5603.69
9 46 2710.57
9 17 3442.32
9 83 9138.94
9 60 6538.59
46 17 732.71
46 83 6718.88
46 60 4406.27
17 83 291.83
17 60 9793.65
83 60 7996.98
W
187472.64
970524
32 2 9963.46
32 71 5207.29
32 34 3816.15
32 45 1825.73
32 53 4345.47
32 55 9048.08
32 56 527.13
32 58 5305.25
2 34 528.57
2 71 3795.86
2 45 1292.19
2 55 3683.34
2 56 96.21
68 34 113.72
68 58 5939.74
68 71 2252.25
71 34 2035.70
71 45 1308.67
71 53 8503.98
71 55 9619.29
71 58 7292.31
34 53 8207.14
34 55 6872.94
34 58 4314.13
45 53 8719.34
45 55 1964.06
45 56 9486.33
45 58 7643.89
53 55 8841.26
53 56 1176.88
53 58 4876.16
56 58 1434.17
F
12017.09
412097
65 8 6109.23
65 41 3483.81
65 43 6926.96
65 22 2269.29
65 70 729.30
22 70 4616.25
22 8 9547.46
22 73 1686.95
22 43 6156.31
22 19 799.98
22 20 5439.53
22 86 1265.09
22 41 3736.62
70 8 1256.03
70 73 3792.03
70 43 8429.64
70 19 8144.22
70 86 4455.71
70 41 949.89
8 73 9466.96
8 43 6165.48
8 19 6410.10
8 41 829.47
73 41 2045.31
73 19 9214.29
73 20 959.25
43 41 4635.33
43 19 2586.19
43 20 5655.68
43 86 6339.02
19 20 3755.68
19 86 310.96
19 41 99.43
20 86 878.68
20 41 5379.88
86 41 4674.46
R
34473.91
958497
80 4 7235.67
80 98 3294.52
80 76 7490.11
80 6 6788.66
4 98 2789.54
4 76 8248.44
4 6 9276.74
98 76 3262.17
98 6 703.00
76 6 535.72
H
229044.49
621809
32 9 8115.29
32 50 741.32
32 35 698.99
32 38 4139.25
32 70 9817.73
65 50 6576.87
65 35 3751.05
65 21 591.75
65 38 2376.18
65 7 2237.75
35 70 664.60
35 7 2977.51
35 9 2532.06
35 50 8333.23
35 21 5262.69
70 9 176.11
70 7 8901.53
38 50 3361.51
38 21 3417.46
38 7 271.94
7 9 731.53
7 50 8098.76
7 21 5247.46
9 21 9947.81
50 21 5499.91
T
247348.70
311776
34 66 1538.77
34 36 1500.10
34 6 2528.54
34 12 8016.39
34 93 6814.95
34 58 7491.23
34 61 7531.20
36 6 436.16
36 12 7808.72
36 66 9584.75
36 93 6661.67
36 58 4533.55
36 61 5288.13
6 66 2413.81
6 12 1886.70
6 93 9561.06
6 58 1646.51
6 61 6842.28
12 66 8796.59
12 93 1830.51
12 58 5368.44
12 61 3049.30
66 93 6855.77
66 58 3037.24
66 61 1110.41
93 58 287.74
93 61 9946.20
58 61 3366.78
M
129219.31
498206
96 2 7382.73
96 74 6519.55
96 76 5695.82
96 47 6765.17
96 80 7603.49
96 51 6726.73
96 52 100.61
2 74 4814.94
2 76 6731.33
2 47 5881.12
2 80 4407.08
2 51 1434.62
2 52 7577.02
74 76 5331.76
74 47 3309.39
74 80 8637.25
74 51 1712.79
74 52 7362.96
76 47 1698.52
76 80 7569.79
76 51 3368.94
76 52 6053.12
47 80 5017.16
47 51 2571.99
47 52 4310.46
80 51 3268.43
80 52 9377.07
51 52 2268.34
n
172893.10
164867
65 99 4591.93
65 70 6840.34
65 45 1768.33
65 46 3394.41
65 77 5362.20
65 55 9995.63
65 29 7730.38
99 70 1242.58
99 45 1646.91
99 46 6070.66
99 77 5254.06
99 55 3622.98
99 29 8316.32
70 77 8293.02
70 46 5378.38
70 45 329.79
70 55 3189.88
70 29 9106.32
77 45 1554.75
77 46 9601.44
77 55 2557.33
77 29 2334.46
46 45 7395.40
46 55 2260.00
46 29 9044.93
45 55 298.13
45 29 4369.61
55 29 1032.86